EVM_PROVIDER_URL=https://eth-sepolia.g.alchemy.com/v2/7vuVR9lGSqlea7vvY0T0R1BrXny14BIR
EVM_OP_PORTAL=0x03cB8367D6B0231fC2B0124316a75d8003007578
EVM_STANDARD_BRIDGE=0x86a723d995d5041BF0BA808CF3192F1CF6Fd048a
EVM_USER_KEY=0x275dc7a708cdba51aa16e883a0b7998fad06a1b08b015892b40f0e6e05ba9a44
EVM_PROPOSER_KEY=0x1c6554d2edc81f44f12aacf6780289bb62ad48b0992f0e548aadcf005b352209
ETH_CHAIN_ID=11155111

SVM_CONNECTION_URL=http://localhost:8899
SVM_SOON_RPC_URL=http://localhost:8909

SVM_USER_KEY="[32,102,202,48,141,153,167,230,146,26,174,106,20,12,186,241,100,66,91,59,220,251,184,50,66,0,208,220,53,43,235,223,15,190,29,52,138,47,177,221,3,171,70,153,86,76,46,110,86,126,204,0,80,193,210,94,239,167,191,113,145,210,198,208]"

SVM_DEPOSITOR_KEY="[32,102,202,48,141,153,167,230,146,26,174,106,20,12,186,241,100,66,91,59,220,251,184,50,66,0,208,220,53,43,235,223,15,190,29,52,138,47,177,221,3,171,70,153,86,76,46,110,86,126,204,0,80,193,210,94,239,167,191,113,145,210,198,208]"

SVM_WITHDRAW_PROGRAM_KEY=
SVM_L1_BLOCK_INFO_PROGRAM_KEY=
SVM_DEPOSIT_PROGRAM_KEY=